12.7
29.4
18,444
154.2
30.6
1961
266
6.70
1991-2000
263.07
105
377.60
1.85
49
'82
37
3.35
2,410
112.9
11\/16
'86
13.5
1973
94.2
415.8
77,000
497.34
143.80
6\/2
46
12.68
42.1
3.18
three
1,500
2,700
1940s
30,841
28
60.36
26.2
37.5
458
18.95
149.9
2.6
8.467
1995
1987-88
62
3.9
133.8
13.8
7.272
73
8.15
0.05
11.5
30,000
352.9
4.898
1971
319.75
1986
1.50
Sept.30
35
0.9
534
13,056
0.99
14.6
38.875
292.32
17.5
3.3
382-37
300-113
17.95
2029
228
645,000
250
37.3
60,000
203
490
120
1.457
150
18,000
7.60
21.9
5,000
177
340,000
3,600
23,403
55.1
0.50
5.1
59
45,000
150,000
6.6
13.90
50-50
83.4
271,124
4,000
467
6,000
188.84
2.4
1929
80.8
11.95
1968
77
2.7
777
100,000
40.21
43.875
6
7.88
4
7.8
415.6
245
644
9.5
321
42.5
8.04
94
16,000
2645.90
1.2
3.20
400
5
28.53
1975
103
310
1991
zero
12.52
12.97
50\/50
280
13.50
36
3.375
1967
53
1992
6,500
3.42
5.8
16.05
8.75
3.23
1992-1999
210
170,000
2005
7.2
107.9
80
7,500
93.9
2.875
370
1.4
1,880
210,000
23.72
14,821
767
3648.82
95.09
148
570
273.5
Two
5.276
494.50
14.00
334.5
148.9
8.14
27.1
3:15
7.95
184
722
1977
176.1
29
21,000
47.6
2.95
380
14.99
1990
71
75-year-old
4.6
2019
7.52
85
576
240
7.422
13.1
701
23
0.7
38.3
8.575
2,099
753
4.4
992,000
1.20
135
847
960
30s
1738.1
143.08
672
99.3
339
77.6
1973-75
600
750
221.4
1988-89
83,206
436.01
12
16\/32
501
77.70
388
1965
trillion
70
1901
42
26,000
62.5
2.50
1983
13.65
98.3
29.3
93,000
700
89
7.15
thousand
116.4
billion
730
60
566.54
101
120,000
90
1979
22.75
89.9
8.35
13.625
9,118
8.22
144
350
2.3
374.19
65
1.14
8.48
19
43
71,309
387.8
'50s
198
1,620
321,000
1.49
850
118.6
282
1.35
1903
415
220
100
92
38.375
7.79
1.24
2.25
9.9
1.76
126,000
116.3
77.56
3.2
25.6
Ten
two
16.5
16.7
8.70
6.4
69
26
3
29.9
9\/32
59.6
110
1.01
45
0.95
1.55
19.3
11
1.28
3.7
1989-90
45.75
8.65
32.8
396,000
94.8
2.9
62.1
68
4.75
13\/16
130.7
88
130
3.6
102
3.75
35500.64
1.125
0.5
26.5
58
434.4
1.8
2.2
23.25
1998
1.56
1,100
737.5
2.5
350,000
1948
9.37
301
1980
1.1650
86.12
1917
50
1206.26
47
23.5
153.3
3,288,453
1984
5.63
225.6
10.2
1.5
58.64
1933
449.04
19.6
5.5
0.54
126.15
52
Fifteen
7.45
5.2180
9.625
3,500
295
917
220.45
1.5755
51.6
275
17.4
446.62
1937-40
500,000
2
1976
129.91
160
78
13.15
four
8.30
179
2,500
50,000
1\/4
0.2
TWO
81.8
4.10
89.7
27.4
6.79
28.6
5.57
1.18
24,000
6.50
1985
500,004
405
300
1.75
1981
214
22\/32
Four
187
1,298
512
7.74
3.19
118
343
967,809
115
200
909
158,666
23,000
10.19
630.9
11,390,000
million
126.1
8.47
1.92
326
116.7
11,762
472
5.70
705.6
1990-91
9.45
72
234.4
14.5
1955
2.30
36.9
133.7
1.64
200,000
79
3436.58
24
1928-33
236.79
361.8
14.53
1.39
55
16.9
84.9
41.60
16,072
1\/2
5.29
89,500
28.25
5.3
16.2
8.45
3.8
47.1
5.92
16.125
31
1,000
51.25
8.5
61
1.9
1.26
2.1
1.17
145
26.8
170
72.7
811.9
1
13
25.50
45.3
1.61
154,240,000
19.50
14
2003\/2007
14.13
236.74
2163.2
270
4.875
106
1.46
7.4
'80s
35564.43
620
890
41
1970s
Five
451
430
3.01
99.1
6.44
142.85
12,252
85.7
8
7.65
15
five
57.50
400,000
83
8.50
10.5
8.06
76
30
128
7.84
8.25
7.50
88.32
2.375
325,000
4,393,237
121.6
20.5
5.39
1.5805
25
1.637
63
352.7
1,400
35.2
66.5
241
235
666
14.75
1.7
2.07
127.03
80.50
1969
1.65
34.625
18.6
3.625
14\/32
1988
2.47
47.5
5.7
27
244,000
6.53
5.4
2.42
227
913
1\/8
3.16
9.82
2.44
1,050,000
1.25
360
21.1
226,570,380
4.3
70.2
84.29
175
830,000
86
38
1950s
6.20
10,000
30,537
4.25
33
8.07
6.7
251.2
0.56
750,000
185.9
14.43
1960s
22
0.1
50.38
0.4
4.2
1986-87
9.3
2.65
139
176
Fourteen
3.55
THREE
2000
5\/8
18.3
250,000
25,000
FIRST
6.1
397
2,303,328
8.56
2.29
450
3\/8
1787
1996
1,200
nine
155
34
62.625
5,699
6.84
13.73
116.9
16
858,000
7\/8
1.19
3,250,000
113.2
54
5.435
195
18
59.9
3,040,000
500
1925
12.5
1982
3.28
20,000
48
278.7
28.36
300,000
8.53
6.40
240,000
0.0085
19.95
15,000
1.6
0.84
6.9
879
75
422.5
133
85.1
7.55
16.09
6.03
191.9
372.9
8.12
11,000
257
7.78
1.82
28.4
1956
1:30
1972
150.00
44
99
50.45
1999
900
5.9
692
7.62
4.7
260
313
0.82
609
39
26,956
20s
35.7
190
271-147
57
7.20
149
17
734.9
11.57
7.40
7
1.8500
3.04
1,460
225
320
778
132,000
1983-85
12\/32
6,799
8.9
24.95
1953
108
2.19
721
7\/16
130.6
'40s
2.15
57.6
353
1970
10
4.5
2.80
17.3
49.9
1993
63.79
32
2160.1
9.32
0.25
212
331,000
3.43
132.9
1966
2-3
4.8
188
143.93
46.1
700,000
109.73
800
877,663
3.253
2.62
170,262
0.28
142.84
111
hundred
21
14.26
372.14
7.90
56
1989
3.1
0.3
3.80
6.25
30.9
3.4
11.6
361,376
4.9
454
0.16
114
618.1
286
12.09
9.8
40
306
138
51
7.5
seven
140
82,389
95,142
7.80
1637
3-4
8.19
180
2691.19
96.4
64.5
2017
45.2
2.8
2\/32
93.3
550,000
15.5
107.03
274
1991-1999
963
14.54
50.1
1.1
8.2
141.9
4.1
12.82
445
1.8415
374.20
1997
87.5
1934
456.64
152,000
8.64
9.75
2009
38.5
5.82
9
230-215
8.1
0.60
IX
57.7
8.55
Nine
600,000
23.4
1st
8.60
'30s
20.07
40,000
2.87
3.61
2-8
93
1614
386
19.94
six
64
107
420
341.20
100,980
225,000
11.72
3057
120.7
mid-1970s
605
2.46
16.68
1,570
5.6
14.
7.458
131.01
11.10
eight
2.35
598
70.7
3.5
125
2.75
1987
98
1.916
4,645
2,000
132
20
95
6.21
7.63
169.9
119
14.28
47.125
28.5
608,413
3\/4
1994
92.9
2141.7
4.55
6.5
7.3
492
