-0x190: 00 00 00 00 00 00 00 00 
        00 00 00 00 00 00 00 00 
-0x180: 00 00 00 00 00 00 00 00 
        00 00 00 00 00 00 00 00 
-0x170: 00 00 00 00 00 00 00 00 
        00 00 00 00 00 00 00 00 
-0x160: 00 00 00 00 00 00 00 00 
        00 00 00 00 00 00 00 00 
-0x150: 00 00 00 00 00 00 00 00 
        00 00 00 00 00 00 00 00 
-0x140: 00 00 00 00 00 00 00 00 
        00 00 00 00 00 00 00 00 
-0x130: 00 00 00 00 00 00 00 00 
        00 00 00 00 00 00 00 00 
-0x120: 00 00 00 00 00 00 00 00 
        00 00 00 00 00 00 00 00 
-0x110: 00 00 00 00 00 00 00 00 
        00 00 00 00 00 00 00 00 
-0x100: 01 22 40 00 00 00 00 00
        9a 21 40 00 00 00 00 00
-0xf0:  8f 21 40 00 00 00 00 00 
        48 00 00 00 00 00 00 00 
-0xe0:  81 22 40 00 00 00 00 00 
        d8 22 40 00 00 00 00 00 
-0xd0:  22 22 40 00 00 00 00 00 
        e9 21 40 00 00 00 00 00 
        b0 21 40 00 00 00 00 00 
-0xc0:  c3 1f 40 00 00 00 00 00 
        33 31 37 37 64 65 30 31 
-0xb0:  00 00 00 00 00 00 00 00 
        00 00 00 00 00 00 00 00 
-0xa0:  00 00 00 00 00 00 00 00 
-0x90:  90 00 00 00 00 01 00 00 
        00 00 00 00 00 00 00 00 
-0x80:  00 00 00 00 00 00 00 00 
        00 00 00 00 00 00 00 00 
-0x70:  00 00 00 00 00 00 00 00 
        00 00 00 00 00 00 00 00 
-0x60:  00 00 00 00 00 00 00 00 
        00 00 00 00 00 00 00 00 
-0x50:  00 00 00 00 00 00 00 00
        00 00 00 00 00 00 00 00
-0x40:  00 00 00 00 00 00 00 00
        00 00 00 00 00 00 00 00
-0x30:  00 00 00 00 00 00 00 00
        00 00 00 00 00 00 00 00
-0x20:  00 00 00 00 00 00 00 00
        00 00 00 00 00 00 00 00
-0x10:  00 00 00 00 00 00 00 00