250
1779
1982
1817
1045
31
2772
864
2773
2130
2707
842
2249
2390
1553
2242
2238
1654
309
2301
2445
490
818
1254
2310
1917
1586
2654
1548
1165
892
2320
1486
2815
1188
1857
2762
521
2754
393
77
262
1949
240
721
2188
2306
1058
1677
799
2836
1242
381
2380
1682
1036
1210
2605
106
85
1226
1039
474
1195
1142
2501
1898
2385
2627
2540
633
2331
629
2927
1503
345
2769
2239
1808
310
735
187
1762
1665
2904
415
516
917
344
294
1096
904
1829
1478
2245
2361
1646
2736
1168
2566
1374
2330
260
832
1504
2034
2045
2828
1907
1892
2719
2833
2557
2896
2423
1450
2381
2209
2357
2679
360
2730
620
2101
986
34
690
2623
2685
376
101
1464
2432
1683
946
1997
2597
2025
506
1330
1205
61
1175
2639
1784
2811
2350
2140
1116
2111
519
1490
1827
2393
2205
1876
72
2850
36
2200
2531
2062
2703
2741
142
1555
2696
2759
2486
1767
2457
1192
2061
1317
2529
1170
152
2629
1393
1073
42
2552
5
55
1482
987
1067
511
2792
1335
1840
2210
255
1279
2816
2485
893
2774
915
2720
473
1537
985
335
551
1285
328
66
2638
718
1625
1649
140
1097
1029
1082
1764
1487
583
2870
2454
2178
1549
1119
102
2624
2379
1774
278
1692
185
2890
1739
1193
2213
2791
724
2737
19
1150
468
2851
54
1213
1914
1088
2112
2345
2848
1853
1137
2482
750
1529
1126
82
122
2894
1606
2819
1974
2755
1499
2438
2875
1372
1509
689
1146
1069
214
2263
1771
2442
1958
2535
1322
1076
796
2119
2533
1811
315
2288
159
2441
318
717
2474
2933
190
598
978
1476
1639
2128
2490
1651
2194
811
2165
534
2428
479
2092
2488
974
2551
1295
726
1421
2285
1358
1693
1756
1570
2840
2775
2115
1008
2559
1228
408
434
1885
219
383
1728
272
88
1661
813
866
2038
2917
268
481
561
1583
205
2369
1516
1983
1428
1382
2539
347
2743
1145
658
590
1880
1533
89
1902
644
760
1050
177
823
1234
2004
2619
1117
2824
1520
2270
2291
2806
785
2
2663
2203
108
1738
1603
2142
171
412
1572
416
1367
1633
1294
2070
2713
2793
364
2401
2925
2067
740
73
2349
1815
2937
312
2620
856
378
1673
1492
154
1216
772
2201
2563
2223
1610
930
2416
2727
308
1001
2276
143
965
2256
1080
1405
632
1456
1929
2437
955
1691
1612
178
498
340
2039
484
2325
198
2714
1773
2264
2929
1166
1968
1220
2010
1339
2665
759
170
1597
1356
773
2520
2448
1598
992
45
1980
467
2073
1897
2547
2489
2879
1496
319
184
2060
1819
1984
2725
2118
1825
839
2289
2458
744
539
1154
1642
801
2818
1135
2215
1422
210
1710
1945
65
863
1935
2189
203
1132
1753
1021
2664
1026
2560
341
2265
875
1506
1120
372
576
942
211
520
1475
939
889
1258
2537
1887
2196
1325
354
2530
96
1725
2821
1644
589
2914
1689
2704
129
513
71
1635
2845
1869
2809
1507
2449
2497
370
456
725
68
1804
1268
2099
881
1875
231
377
2882
862
432
1820
2481
1856
994
301
1848
1378
1591
1143
2072
172
1679
2439
1248
814
208
218
948
16
2231
367
1406
1128
884
1319
1388
2625
2739
1858
2565
2398
1864
394
2160
1624
984
542
803
677
406
1459
1943
552
362
549
970
2327
38
940
81
1852
788
1730
2750
877
355
1676
1559
1299
2877
1861
1962
2294
642
1886
554
2765
693
2193
2593
2436
649
1872
2433
1223
420
593
559
339
1900
1089
2617
706
2514
2096
2155
2346
1802
1444
2876
960
1265
1164
371
2923
2019
2029
1493
1575
1694
1484
1786
500
147
258
1985
769
13
635
2095
1296
114
1816
1594
957
2770
241
541
1354
1770
679
2930
56
1252
2810
435
1934
1057
2857
155
2103
2934
1361
1016
60
29
782
35
2469
1446
1171
1650
1310
1060
358
1123
499
2580
2382
524
1200
737
50
265
2108
1585
1664
1315
1518
2030
2302
2874
2052
336
548
2313
1156
887
1721
2856
494
580
2100
2234
431
1189
1229
2404
2402
212
2235
1064
1245
75
2351
1748
1312
2660
1031
2892
247
1595
1680
2133
1500
1918
1919
186
2078
668
1948
1336
8
2026
1622
2087
1075
2049
631
293
1781
2164
1655
1105
32
134
1124
2124
445
2246
226
464
455
2632
2903
2093
999
2090
1681
2275
1809
752
2853
1946
1977
533
243
2000
401
1495
585
244
2180
2608
1340
1501
450
1227
1182
2297
2309
285
471
2145
1637
2125
2667
2538
1674
1992
304
1787
1947
871
2116
1833
611
2037
1407
426
1184
2849
1826
2262
1014
2905
1704
2287
2329
2065
2066
2865
1670
2057
678
1044
2883
943
1218
1776
1498
1065
2569
1593
2473
2578
49
1729
540
1668
1746
110
1631
2122
510
1613
1995
2786
2278
44
1115
1269
235
1324
1719
1607
2303
1998
78
2097
269
1996
2740
826
313
1307
911
697
466
1019
363
1842
2742
1344
1360
2491
2420
2880
1524
1034
83
79
662
1439
2862
919
1440
2372
2243
2747
808
1510
656
1921
1442
2778
858
1803
2662
2392
2144
844
833
1614
213
2577
131
439
2500
1609
853
448
2612
2355
2376
1727
103
523
1102
1821
1415
165
2509
907
2460
1860
2190
1741
395
625
695
947
761
1383
2525
1401
645
2722
2377
2871
1882
771
2637
51
1375
1121
2674
1035
2508
111
183
613
2332
1706
1557
2835
1711
1178
2129
397
1291
1630
2527
1743
2136
2086
2192
571
2935
2586
2255
1534
2645
1874
356
608
239
2847
2472
1814
374
2768
1937
1321
1125
1527
2370
729
1391
2621
1408
2672
382
1502
2583
1320
2476
1233
2254
681
2248
1274
123
660
1796
1960
2568
230
901
2348
765
2582
2400
2367
1745
787
2149
2878
2314
421
2414
1873
2138
798
1870
2007
626
495
2413
1616
1782
2206
1890
790
2548
2751
2365
417
742
2127
1214
492
1909
1169
1342
824
2429
2337
1481
2813
2936
1024
592
2506
2734
2650
1797
2281
127
2487
403
150
2832
1437
1629
62
95
959
2191
2305
1576
2316
2153
236
222
2752
1810
120
1685
193
181
389
968
2407
1545
669
1365
1394
331
614
1286
266
1932
2199
1807
225
105
1508
2887
630
2068
870
2098
1186
1891
1755
1926
707
2373
2477
2220
1688
284
1659
920
1433
2522
2378
734
1812
2906
922
1402
2758
167
2273
2728
12
1546
617
1092
90
612
2658
1404
857
2421
777
1638
1986
2783
28
1522
1066
1911
74
515
1309
2227
2002
2157
1584
1517
116
1072
1799
2668
1600
622
409
1623
115
288
2868
1181
337
46
747
2687
753
462
1938
673
1201
2635
424
325
664
350
447
709
1924
1722
1221
1149
387
1369
1337
754
2186
451
1194
699
2247
1608
830
950
2598
1734
1413
1409
2919
2596
1177
2561
2006
1253
21
1305
2298
2534
671
2757
1941
845
694
2427
1353
1133
869
604
834
2408
627
902
1747
2051
321
696
1179
624
2726
2173
1011
1480
1090
848
2465
780
605
174
1202
2269
100
1243
741
334
1705
594
1333
2214
2844
1551
2456
1542
2495
327
1933
640
2152
2042
1468
1838
460
1046
1398
1562
1975
419
738
1879
1389
1438
497
375
975
1209
2587
404
1425
93
1769
2221
1849
827
428
1889
2729
282
343
1113
1574
691
0
1582
1707
1416
2021
2003
1993
1131
2304
1247
2609
2375
2150
2261
2932
1159
246
2916
2634
1671
929
2689
1461
1971
365
2296
736
26
1441
2795
680
1250
3
2182
837
2403
292
698
1048
2712
2417
1667
1963
1249
2274
1298
1868
2387
1443
603
1289
2502
63
1579
1883
990
1384
237
650
1967
112
1348
804
1556
577
1834
126
2616
2678
851
2185
7
854
2797
2670
407
2405
153
1566
2391
2353
1004
2602
280
400
1596
1497
2516
1479
1800
2009
504
1744
903
2040
1672
550
1862
1805
2644
1130
945
163
1660
1690
2384
2107
2837
1514
449
941
2776
1532
1847
437
1314
786
873
739
1006
1844
586
1306
348
2471
1028
1163
2511
2841
1541
573
647
595
1251
1558
1308
470
800
281
932
732
2676
1144
1617
2626
2503
584
2195
160
1111
1915
859
952
2684
1331
1219
1215
606
164
2154
1040
1978
2812
329
2011
2528
2546
2831
1429
2716
2141
809
433
1107
2091
860
274
967
2901
2139
1346
885
556
908
1381
2117
2562
509
2388
221
1297
146
1777
1053
1822
508
323
1561
176
1908
168
1400
2873
1392
2257
2177
2237
136
1470
1278
1973
894
197
2338
1483
1792
2084
767
2280
2693
2081
1112
2838
865
2389
1085
1447
199
429
1823
1795
1970
730
297
2121
807
2595
1565
1172
2799
2805
821
2711
1241
1563
2790
623
1445
1718
1162
2260
1640
2803
2603
1022
1750
291
2022
1740
2282
1007
67
24
216
1910
1153
2159
166
207
2322
2089
591
1176
1720
1863
525
2335
469
1350
2169
1531
928
1896
2721
1619
1469
1141
1913
956
1488
25
1134
2197
925
1552
2744
843
1645
2646
1020
2187
749
2371
180
1272
2498
1434
607
1352
2344
1904
1899
94
770
637
1304
2334
2536
2492
1208
1395
1578
1198
275
1152
1206
2080
1104
307
2059
872
86
2753
1435
2610
209
2787
1966
2642
1987
2171
2782
931
2146
2425
130
1723
2071
954
555
2418
1930
1536
2431
201
2023
368
973
1634
2435
816
1954
1316
1905
256
1472
1699
2217
1605
1329
560
1877
373
2767
2839
1684
1167
2024
1204
972
1155
2036
2899
1071
774
324
2251
84
2681
1589
2659
2446
1920
91
430
2827
2339
2105
1345
257
888
2920
1466
1641
388
2383
273
756
1925
1956
2888
2176
802
2076
1207
2558
2723
151
2292
714
2591
544
639
2745
423
659
797
2911
2008
99
2898
2496
1871
2046
755
976
2163
1940
2825
2120
2893
537
1701
2897
2222
2135
2599
705
2362
2648
2647
1828
1778
277
1033
1731
763
835
1653
2607
2732
